{
 "cells": [
  {
   "cell_type": "markdown",
   "metadata": {},
   "source": [
    "# Normalising Covariance\n",
    "\n",
    "This notepad looks at online normalisation of the covariance matrix to generate a correlation matrix.\n",
    "\n",
    "The normalisation of the covariance matrix involves dividing by the standard deviations. But the variances (SD^2) are the normals of the covariance matrix. Hence, to normalise we can perform:\n",
    "\n",
    "CORR = COV // (D_dash.D_dash^T)\n",
    "\n",
    "where D_dash = vector of the standard deviations - or np.sqrt(np.diag(COV)).\n",
    "\n",
    "This notebook will check that this works and matches the correlation matrices. Numpy's correlation function is [numpy.corrcoef()](https://numpy.org/doc/stable/reference/generated/numpy.corrcoef.html) and it's covariance function is [numpy.cov()](https://numpy.org/doc/stable/reference/generated/numpy.cov.html#numpy.cov)."
   ]
  },
  {
   "cell_type": "code",
   "execution_count": 1,
   "metadata": {},
   "outputs": [],
   "source": [
    "import numpy as np"
   ]
  },
  {
   "cell_type": "code",
   "execution_count": 12,
   "metadata": {},
   "outputs": [],
   "source": [
    "# Generate some random data - 100 samples of 8 features.\n",
    "# Make the samples centred around 0 so we don't have to remove the mean\n",
    "rand_samples = np.random.randint(low=-127, high=128, size=(8, 100))"
   ]
  },
  {
   "cell_type": "code",
   "execution_count": 13,
   "metadata": {},
   "outputs": [],
   "source": [
    "np_cov = np.cov(rand_samples).astype(np.int16)"
   ]
  },
  {
   "cell_type": "code",
   "execution_count": 14,
   "metadata": {},
   "outputs": [
    {
     "data": {
      "text/plain": [
       "array([[ 5319,  -526,   685,  -397,   858,  1297,   160,   191],\n",
       "       [ -526,  5024,   902,  -469,   537,   -57,  -319,   -90],\n",
       "       [  685,   902,  5292,   263,   225,  -409,  -337,   144],\n",
       "       [ -397,  -469,   263,  6001,  -347,  -858,  1006, -1258],\n",
       "       [  858,   537,   225,  -347,  5344,    -9,    71,  1022],\n",
       "       [ 1297,   -57,  -409,  -858,    -9,  5236,  -393,    90],\n",
       "       [  160,  -319,  -337,  1006,    71,  -393,  5653, -1221],\n",
       "       [  191,   -90,   144, -1258,  1022,    90, -1221,  5126]],\n",
       "      dtype=int16)"
      ]
     },
     "execution_count": 14,
     "metadata": {},
     "output_type": "execute_result"
    }
   ],
   "source": [
    "np_cov"
   ]
  },
  {
   "cell_type": "code",
   "execution_count": 15,
   "metadata": {},
   "outputs": [],
   "source": [
    "np_corr = np.corrcoef(rand_samples)"
   ]
  },
  {
   "cell_type": "code",
   "execution_count": 16,
   "metadata": {},
   "outputs": [
    {
     "data": {
      "text/plain": [
       "array([[ 1.   , -0.102,  0.129, -0.07 ,  0.161,  0.246,  0.029,  0.037],\n",
       "       [-0.102,  1.   ,  0.175, -0.086,  0.104, -0.011, -0.06 , -0.018],\n",
       "       [ 0.129,  0.175,  1.   ,  0.047,  0.042, -0.078, -0.062,  0.028],\n",
       "       [-0.07 , -0.086,  0.047,  1.   , -0.061, -0.153,  0.173, -0.227],\n",
       "       [ 0.161,  0.104,  0.042, -0.061,  1.   , -0.002,  0.013,  0.195],\n",
       "       [ 0.246, -0.011, -0.078, -0.153, -0.002,  1.   , -0.072,  0.018],\n",
       "       [ 0.029, -0.06 , -0.062,  0.173,  0.013, -0.072,  1.   , -0.227],\n",
       "       [ 0.037, -0.018,  0.028, -0.227,  0.195,  0.018, -0.227,  1.   ]])"
      ]
     },
     "execution_count": 16,
     "metadata": {},
     "output_type": "execute_result"
    }
   ],
   "source": [
    "np.around(np_corr, 3)"
   ]
  },
  {
   "cell_type": "markdown",
   "metadata": {},
   "source": [
    "## Test Normalising Covariance\n",
    "\n",
    "Let's start by checking that cov / D_dash.D_dash^T = Corr"
   ]
  },
  {
   "cell_type": "code",
   "execution_count": 37,
   "metadata": {},
   "outputs": [
    {
     "name": "stdout",
     "output_type": "stream",
     "text": [
      "D_dash from cov:\n",
      " [[72.93147 70.88018 72.74613 77.46612 73.10267 72.36021 75.18643 71.59609]]\n"
     ]
    }
   ],
   "source": [
    "d_dash = np.sqrt(np.diag(np_cov)).reshape(8, 1); print(f\"D_dash from cov:\\n {d_dash.T}\")"
   ]
  },
  {
   "cell_type": "code",
   "execution_count": 39,
   "metadata": {},
   "outputs": [
    {
     "data": {
      "text/plain": [
       "array([[ 1.   , -0.102,  0.129, -0.07 ,  0.161,  0.246,  0.029,  0.037],\n",
       "       [-0.102,  1.   ,  0.175, -0.085,  0.104, -0.011, -0.06 , -0.018],\n",
       "       [ 0.129,  0.175,  1.   ,  0.047,  0.042, -0.078, -0.062,  0.028],\n",
       "       [-0.07 , -0.085,  0.047,  1.   , -0.061, -0.153,  0.173, -0.227],\n",
       "       [ 0.161,  0.104,  0.042, -0.061,  1.   , -0.002,  0.013,  0.195],\n",
       "       [ 0.246, -0.011, -0.078, -0.153, -0.002,  1.   , -0.072,  0.017],\n",
       "       [ 0.029, -0.06 , -0.062,  0.173,  0.013, -0.072,  1.   , -0.227],\n",
       "       [ 0.037, -0.018,  0.028, -0.227,  0.195,  0.017, -0.227,  1.   ]],\n",
       "      dtype=float32)"
      ]
     },
     "execution_count": 39,
     "metadata": {},
     "output_type": "execute_result"
    }
   ],
   "source": [
    "np.around(np_cov / np.dot(d_dash, d_dash.T), 3)"
   ]
  },
  {
   "cell_type": "markdown",
   "metadata": {},
   "source": [
    "Yes - this works, we get the correlation matrix."
   ]
  },
  {
   "cell_type": "markdown",
   "metadata": {},
   "source": [
    "---\n",
    "## Online Correlation\n",
    "\n",
    "Now we try an online version.\n",
    "\n",
    "First a dry run of the steps."
   ]
  },
  {
   "cell_type": "code",
   "execution_count": 45,
   "metadata": {},
   "outputs": [],
   "source": [
    "# Matrix to hold running covariance\n",
    "running_cov = np.zeros(shape=(8, 8))"
   ]
  },
  {
   "cell_type": "code",
   "execution_count": 46,
   "metadata": {},
   "outputs": [
    {
     "name": "stdout",
     "output_type": "stream",
     "text": [
      "X = \n",
      " [[  30   82  -76 -104   -3   40   47   40]]\n",
      "\n",
      "X.X^T = \n",
      " [[  900  2460 -2280 -3120   -90  1200  1410  1200]\n",
      " [ 2460  6724 -6232 -8528  -246  3280  3854  3280]\n",
      " [-2280 -6232  5776  7904   228 -3040 -3572 -3040]\n",
      " [-3120 -8528  7904 10816   312 -4160 -4888 -4160]\n",
      " [  -90  -246   228   312     9  -120  -141  -120]\n",
      " [ 1200  3280 -3040 -4160  -120  1600  1880  1600]\n",
      " [ 1410  3854 -3572 -4888  -141  1880  2209  1880]\n",
      " [ 1200  3280 -3040 -4160  -120  1600  1880  1600]]\n"
     ]
    }
   ],
   "source": [
    "i = 0\n",
    "# Get ith sample\n",
    "X = rand_samples[:, i].reshape(8, 1)\n",
    "# Determine X.X^T\n",
    "sum_sample = np.dot(X, X.T)\n",
    "print(f\"X = \\n {X.T}\\n\")\n",
    "print(f\"X.X^T = \\n {sum_sample}\")"
   ]
  },
  {
   "cell_type": "code",
   "execution_count": 47,
   "metadata": {},
   "outputs": [
    {
     "name": "stdout",
     "output_type": "stream",
     "text": [
      "Diagonals - variance of elements - \n",
      " [[  900  6724  5776 10816     9  1600  2209  1600]]\n"
     ]
    }
   ],
   "source": [
    "d = np.diag(sum_sample).reshape(8, 1); print(f\"Diagonals - variance of elements - \\n {d.T}\")  "
   ]
  },
  {
   "cell_type": "code",
   "execution_count": 48,
   "metadata": {},
   "outputs": [
    {
     "name": "stdout",
     "output_type": "stream",
     "text": [
      "Standard deviation - sqrt(var) - \n",
      " [[ 30.  82.  76. 104.   3.  40.  47.  40.]]\n"
     ]
    }
   ],
   "source": [
    "d_dash = np.sqrt(d).reshape(8, 1); print(f\"Standard deviation - sqrt(var) - \\n {d_dash.T}\")  "
   ]
  },
  {
   "cell_type": "code",
   "execution_count": 51,
   "metadata": {},
   "outputs": [
    {
     "name": "stdout",
     "output_type": "stream",
     "text": [
      "Initial covariance:\n",
      " [[ 0.03   0.083 -0.077 -0.105 -0.003  0.04   0.048  0.04 ]\n",
      " [ 0.083  0.227 -0.21  -0.288 -0.008  0.111  0.13   0.111]\n",
      " [-0.077 -0.21   0.195  0.267  0.008 -0.103 -0.121 -0.103]\n",
      " [-0.105 -0.288  0.267  0.365  0.011 -0.14  -0.165 -0.14 ]\n",
      " [-0.003 -0.008  0.008  0.011  0.    -0.004 -0.005 -0.004]\n",
      " [ 0.04   0.111 -0.103 -0.14  -0.004  0.054  0.063  0.054]\n",
      " [ 0.048  0.13  -0.121 -0.165 -0.005  0.063  0.075  0.063]\n",
      " [ 0.04   0.111 -0.103 -0.14  -0.004  0.054  0.063  0.054]]\n",
      "Diagonals - variance of elements - \n",
      " [  900.03   6724.227  5776.195 10816.365     9.     1600.054  2209.075\n",
      "  1600.054]\n",
      "Standard deviation - sqrt(var) - \n",
      " [[ 30.001]\n",
      " [ 82.001]\n",
      " [ 76.001]\n",
      " [104.002]\n",
      " [  3.   ]\n",
      " [ 40.001]\n",
      " [ 47.001]\n",
      " [ 40.001]]\n",
      "Normalisation matrix: \n",
      " [[  900.03   2460.083  2280.077  3120.105    90.003  1200.04   1410.048\n",
      "   1200.04 ]\n",
      " [ 2460.083  6724.227  6232.21   8528.288   246.008  3280.111  3854.13\n",
      "   3280.111]\n",
      " [ 2280.077  6232.21   5776.195  7904.267   228.008  3040.103  3572.121\n",
      "   3040.103]\n",
      " [ 3120.105  8528.288  7904.267 10816.365   312.011  4160.14   4888.165\n",
      "   4160.14 ]\n",
      " [   90.003   246.008   228.008   312.011     9.      120.004   141.005\n",
      "    120.004]\n",
      " [ 1200.04   3280.111  3040.103  4160.14    120.004  1600.054  1880.063\n",
      "   1600.054]\n",
      " [ 1410.048  3854.13   3572.121  4888.165   141.005  1880.063  2209.075\n",
      "   1880.063]\n",
      " [ 1200.04   3280.111  3040.103  4160.14    120.004  1600.054  1880.063\n",
      "   1600.054]]\n",
      "Subsequent scaled covariance:\n",
      " [[ 1.  1. -1. -1. -1.  1.  1.  1.]\n",
      " [ 1.  1. -1. -1. -1.  1.  1.  1.]\n",
      " [-1. -1.  1.  1.  1. -1. -1. -1.]\n",
      " [-1. -1.  1.  1.  1. -1. -1. -1.]\n",
      " [-1. -1.  1.  1.  1. -1. -1. -1.]\n",
      " [ 1.  1. -1. -1. -1.  1.  1.  1.]\n",
      " [ 1.  1. -1. -1. -1.  1.  1.  1.]\n",
      " [ 1.  1. -1. -1. -1.  1.  1.  1.]]\n"
     ]
    }
   ],
   "source": [
    "# Set printing precision to 3 decimal places\n",
    "np.set_printoptions(precision=3, suppress=True)\n",
    "print(f\"Initial covariance:\\n {running_cov}\")\n",
    "running_cov += sum_sample\n",
    "d = np.diag(running_cov); print(f\"Diagonals - variance of elements - \\n {d}\")\n",
    "d_dash = np.sqrt(d).reshape(8, 1); print(f\"Standard deviation - sqrt(var) - \\n {d_dash}\")\n",
    "normalisation_mat = np.dot(d_dash, d_dash.T); print(f\"Normalisation matrix: \\n {normalisation_mat}\")\n",
    "running_cov = running_cov / np.dot(d_dash, d_dash.T)\n",
    "print(f\"Subsequent scaled covariance:\\n {running_cov}\")"
   ]
  },
  {
   "cell_type": "markdown",
   "metadata": {},
   "source": [
    "We need to be careful. If we just scale then take as the next covariance, we'll be adding very high ranges (e.g. 10k etc to 1, -1 values). So we need to scale then take the average?\n",
    "\n",
    "***Scaling just keeps the sign. So maybe that is all we are interested in...***\n",
    "\n"
   ]
  },
  {
   "cell_type": "code",
   "execution_count": 52,
   "metadata": {},
   "outputs": [
    {
     "name": "stdout",
     "output_type": "stream",
     "text": [
      "X = \n",
      " [[  30   82  -76 -104   -3   40   47   40]]\n",
      "\n",
      "X.X^T = \n",
      " [[  900  2460 -2280 -3120   -90  1200  1410  1200]\n",
      " [ 2460  6724 -6232 -8528  -246  3280  3854  3280]\n",
      " [-2280 -6232  5776  7904   228 -3040 -3572 -3040]\n",
      " [-3120 -8528  7904 10816   312 -4160 -4888 -4160]\n",
      " [  -90  -246   228   312     9  -120  -141  -120]\n",
      " [ 1200  3280 -3040 -4160  -120  1600  1880  1600]\n",
      " [ 1410  3854 -3572 -4888  -141  1880  2209  1880]\n",
      " [ 1200  3280 -3040 -4160  -120  1600  1880  1600]]\n",
      "Initial covariance:\n",
      " [[0. 0. 0. 0. 0. 0. 0. 0.]\n",
      " [0. 0. 0. 0. 0. 0. 0. 0.]\n",
      " [0. 0. 0. 0. 0. 0. 0. 0.]\n",
      " [0. 0. 0. 0. 0. 0. 0. 0.]\n",
      " [0. 0. 0. 0. 0. 0. 0. 0.]\n",
      " [0. 0. 0. 0. 0. 0. 0. 0.]\n",
      " [0. 0. 0. 0. 0. 0. 0. 0.]\n",
      " [0. 0. 0. 0. 0. 0. 0. 0.]]\n",
      "Diagonals - variance of elements - \n",
      " [  900.  6724.  5776. 10816.     9.  1600.  2209.  1600.]\n",
      "Standard deviation - sqrt(var) - \n",
      " [[ 30.]\n",
      " [ 82.]\n",
      " [ 76.]\n",
      " [104.]\n",
      " [  3.]\n",
      " [ 40.]\n",
      " [ 47.]\n",
      " [ 40.]]\n",
      "Normalisation matrix: \n",
      " [[  900.  2460.  2280.  3120.    90.  1200.  1410.  1200.]\n",
      " [ 2460.  6724.  6232.  8528.   246.  3280.  3854.  3280.]\n",
      " [ 2280.  6232.  5776.  7904.   228.  3040.  3572.  3040.]\n",
      " [ 3120.  8528.  7904. 10816.   312.  4160.  4888.  4160.]\n",
      " [   90.   246.   228.   312.     9.   120.   141.   120.]\n",
      " [ 1200.  3280.  3040.  4160.   120.  1600.  1880.  1600.]\n",
      " [ 1410.  3854.  3572.  4888.   141.  1880.  2209.  1880.]\n",
      " [ 1200.  3280.  3040.  4160.   120.  1600.  1880.  1600.]]\n",
      "Subsequent scaled covariance:\n",
      " [[ 1.  1. -1. -1. -1.  1.  1.  1.]\n",
      " [ 1.  1. -1. -1. -1.  1.  1.  1.]\n",
      " [-1. -1.  1.  1.  1. -1. -1. -1.]\n",
      " [-1. -1.  1.  1.  1. -1. -1. -1.]\n",
      " [-1. -1.  1.  1.  1. -1. -1. -1.]\n",
      " [ 1.  1. -1. -1. -1.  1.  1.  1.]\n",
      " [ 1.  1. -1. -1. -1.  1.  1.  1.]\n",
      " [ 1.  1. -1. -1. -1.  1.  1.  1.]]\n",
      "---\n",
      "X = \n",
      " [[ 104  -46   50   74 -109   -6   59  -49]]\n",
      "\n",
      "X.X^T = \n",
      " [[ 10816  -4784   5200   7696 -11336   -624   6136  -5096]\n",
      " [ -4784   2116  -2300  -3404   5014    276  -2714   2254]\n",
      " [  5200  -2300   2500   3700  -5450   -300   2950  -2450]\n",
      " [  7696  -3404   3700   5476  -8066   -444   4366  -3626]\n",
      " [-11336   5014  -5450  -8066  11881    654  -6431   5341]\n",
      " [  -624    276   -300   -444    654     36   -354    294]\n",
      " [  6136  -2714   2950   4366  -6431   -354   3481  -2891]\n",
      " [ -5096   2254  -2450  -3626   5341    294  -2891   2401]]\n",
      "Initial covariance:\n",
      " [[ 1.  1. -1. -1. -1.  1.  1.  1.]\n",
      " [ 1.  1. -1. -1. -1.  1.  1.  1.]\n",
      " [-1. -1.  1.  1.  1. -1. -1. -1.]\n",
      " [-1. -1.  1.  1.  1. -1. -1. -1.]\n",
      " [-1. -1.  1.  1.  1. -1. -1. -1.]\n",
      " [ 1.  1. -1. -1. -1.  1.  1.  1.]\n",
      " [ 1.  1. -1. -1. -1.  1.  1.  1.]\n",
      " [ 1.  1. -1. -1. -1.  1.  1.  1.]]\n",
      "Diagonals - variance of elements - \n",
      " [10817.  2117.  2501.  5477. 11882.    37.  3482.  2402.]\n",
      "Standard deviation - sqrt(var) - \n",
      " [[104.005]\n",
      " [ 46.011]\n",
      " [ 50.01 ]\n",
      " [ 74.007]\n",
      " [109.005]\n",
      " [  6.083]\n",
      " [ 59.008]\n",
      " [ 49.01 ]]\n",
      "Normalisation matrix: \n",
      " [[10817.     4785.352  5201.28   7697.058 11337.001   632.637  6137.165\n",
      "   5097.297]\n",
      " [ 4785.352  2117.     2301.003  3405.115  5015.396   279.873  2715.031\n",
      "   2255.002]\n",
      " [ 5201.28   2301.003  2501.     3701.078  5451.319   304.199  2951.014\n",
      "   2451.   ]\n",
      " [ 7697.058  3405.115  3701.078  5477.     8067.076   450.166  4367.026\n",
      "   3627.086]\n",
      " [11337.001  5015.396  5451.319  8067.076 11882.      663.049  6432.194\n",
      "   5342.337]\n",
      " [  632.637   279.873   304.199   450.166   663.049    37.      358.935\n",
      "    298.117]\n",
      " [ 6137.165  2715.031  2951.014  4367.026  6432.194   358.935  3482.\n",
      "   2892.017]\n",
      " [ 5097.297  2255.002  2451.     3627.086  5342.337   298.117  2892.017\n",
      "   2402.   ]]\n",
      "Subsequent scaled covariance:\n",
      " [[ 1.    -1.     1.     1.    -1.    -0.985  1.    -1.   ]\n",
      " [-1.     1.    -1.    -1.     1.     0.99  -0.999  1.   ]\n",
      " [ 1.    -1.     1.     1.    -1.    -0.989  0.999 -1.   ]\n",
      " [ 1.    -1.     1.     1.    -1.    -0.989  1.    -1.   ]\n",
      " [-1.     1.    -1.    -1.     1.     0.985 -1.     1.   ]\n",
      " [-0.985  0.99  -0.989 -0.989  0.985  1.    -0.983  0.99 ]\n",
      " [ 1.    -0.999  0.999  1.    -1.    -0.983  1.    -0.999]\n",
      " [-1.     1.    -1.    -1.     1.     0.99  -0.999  1.   ]]\n",
      "---\n",
      "X = \n",
      " [[ -55  -94 -102  -61  -93   99   -6  -73]]\n",
      "\n",
      "X.X^T = \n",
      " [[  3025   5170   5610   3355   5115  -5445    330   4015]\n",
      " [  5170   8836   9588   5734   8742  -9306    564   6862]\n",
      " [  5610   9588  10404   6222   9486 -10098    612   7446]\n",
      " [  3355   5734   6222   3721   5673  -6039    366   4453]\n",
      " [  5115   8742   9486   5673   8649  -9207    558   6789]\n",
      " [ -5445  -9306 -10098  -6039  -9207   9801   -594  -7227]\n",
      " [   330    564    612    366    558   -594     36    438]\n",
      " [  4015   6862   7446   4453   6789  -7227    438   5329]]\n",
      "Initial covariance:\n",
      " [[ 1.    -1.     1.     1.    -1.    -0.985  1.    -1.   ]\n",
      " [-1.     1.    -1.    -1.     1.     0.99  -0.999  1.   ]\n",
      " [ 1.    -1.     1.     1.    -1.    -0.989  0.999 -1.   ]\n",
      " [ 1.    -1.     1.     1.    -1.    -0.989  1.    -1.   ]\n",
      " [-1.     1.    -1.    -1.     1.     0.985 -1.     1.   ]\n",
      " [-0.985  0.99  -0.989 -0.989  0.985  1.    -0.983  0.99 ]\n",
      " [ 1.    -0.999  0.999  1.    -1.    -0.983  1.    -0.999]\n",
      " [-1.     1.    -1.    -1.     1.     0.99  -0.999  1.   ]]\n",
      "Diagonals - variance of elements - \n",
      " [ 3026.  8837. 10405.  3722.  8650.  9802.    37.  5330.]\n",
      "Standard deviation - sqrt(var) - \n",
      " [[ 55.009]\n",
      " [ 94.005]\n",
      " [102.005]\n",
      " [ 61.008]\n",
      " [ 93.005]\n",
      " [ 99.005]\n",
      " [  6.083]\n",
      " [ 73.007]]\n",
      "Normalisation matrix: \n",
      " [[ 3026.     5171.147  5611.197  3356.005  5116.141  5446.178   334.607\n",
      "   4016.04 ]\n",
      " [ 5171.147  8837.     9589.003  5735.095  8743.     9307.001   571.812\n",
      "   6863.032]\n",
      " [ 5611.197  9589.003 10405.     6223.135  9487.004 10099.      620.472\n",
      "   7447.056]\n",
      " [ 3356.005  5735.095  6223.135  3722.     5674.09   6040.12    371.098\n",
      "   4454.016]\n",
      " [ 5116.141  8743.     9487.004  5674.09   8650.     9208.002   565.73\n",
      "   6790.029]\n",
      " [ 5446.178  9307.001 10099.     6040.12   9208.002  9802.      602.224\n",
      "   7228.047]\n",
      " [  334.607   571.812   620.472   371.098   565.73    602.224    37.\n",
      "    444.083]\n",
      " [ 4016.04   6863.032  7447.056  4454.016  6790.029  7228.047   444.083\n",
      "   5330.   ]]\n",
      "Subsequent scaled covariance:\n",
      " [[ 1.     1.     1.     1.     1.    -1.     0.989  0.999]\n",
      " [ 1.     1.     1.     1.     1.    -1.     0.985  1.   ]\n",
      " [ 1.     1.     1.     1.     1.    -1.     0.988  1.   ]\n",
      " [ 1.     1.     1.     1.     1.    -1.     0.989  1.   ]\n",
      " [ 1.     1.     1.     1.     1.    -1.     0.985  1.   ]\n",
      " [-1.    -1.    -1.    -1.    -1.     1.    -0.988 -1.   ]\n",
      " [ 0.989  0.985  0.988  0.989  0.985 -0.988  1.     0.984]\n",
      " [ 0.999  1.     1.     1.     1.    -1.     0.984  1.   ]]\n",
      "---\n",
      "X = \n",
      " [[  47  -67   55  -15 -109  -73  -17  -18]]\n",
      "\n",
      "X.X^T = \n",
      " [[ 2209 -3149  2585  -705 -5123 -3431  -799  -846]\n",
      " [-3149  4489 -3685  1005  7303  4891  1139  1206]\n",
      " [ 2585 -3685  3025  -825 -5995 -4015  -935  -990]\n",
      " [ -705  1005  -825   225  1635  1095   255   270]\n",
      " [-5123  7303 -5995  1635 11881  7957  1853  1962]\n",
      " [-3431  4891 -4015  1095  7957  5329  1241  1314]\n",
      " [ -799  1139  -935   255  1853  1241   289   306]\n",
      " [ -846  1206  -990   270  1962  1314   306   324]]\n",
      "Initial covariance:\n",
      " [[ 1.     1.     1.     1.     1.    -1.     0.989  0.999]\n",
      " [ 1.     1.     1.     1.     1.    -1.     0.985  1.   ]\n",
      " [ 1.     1.     1.     1.     1.    -1.     0.988  1.   ]\n",
      " [ 1.     1.     1.     1.     1.    -1.     0.989  1.   ]\n",
      " [ 1.     1.     1.     1.     1.    -1.     0.985  1.   ]\n",
      " [-1.    -1.    -1.    -1.    -1.     1.    -0.988 -1.   ]\n",
      " [ 0.989  0.985  0.988  0.989  0.985 -0.988  1.     0.984]\n",
      " [ 0.999  1.     1.     1.     1.    -1.     0.984  1.   ]]\n",
      "Diagonals - variance of elements - \n",
      " [ 2210.  4490.  3026.   226. 11882.  5330.   290.   325.]\n",
      "Standard deviation - sqrt(var) - \n",
      " [[ 47.011]\n",
      " [ 67.007]\n",
      " [ 55.009]\n",
      " [ 15.033]\n",
      " [109.005]\n",
      " [ 73.007]\n",
      " [ 17.029]\n",
      " [ 18.028]]\n",
      "Normalisation matrix: \n",
      " [[ 2210.     3150.063  2586.012   706.725  5124.375  3432.098   800.562\n",
      "    847.496]\n",
      " [ 3150.063  4490.     3686.02   1007.343  7304.121  4892.004  1141.096\n",
      "   1207.994]\n",
      " [ 2586.012  3686.02   3026.      826.968  5996.243  4016.04    936.771\n",
      "    991.69 ]\n",
      " [  706.725  1007.343   826.968   226.     1638.698  1097.534   256.008\n",
      "    271.017]\n",
      " [ 5124.375  7304.121  5996.243  1638.698 11882.     7958.081  1856.281\n",
      "   1965.108]\n",
      " [ 3432.098  4892.004  4016.04   1097.534  7958.081  5330.     1243.262\n",
      "   1316.15 ]\n",
      " [  800.562  1141.096   936.771   256.008  1856.281  1243.262   290.\n",
      "    307.002]\n",
      " [  847.496  1207.994   991.69    271.017  1965.108  1316.15    307.002\n",
      "    325.   ]]\n",
      "Subsequent scaled covariance:\n",
      " [[ 1.    -0.999  1.    -0.996 -1.    -1.    -0.997 -0.997]\n",
      " [-0.999  1.    -0.999  0.999  1.     1.     0.999  0.999]\n",
      " [ 1.    -0.999  1.    -0.996 -1.    -1.    -0.997 -0.997]\n",
      " [-0.996  0.999 -0.996  1.     0.998  0.997  1.     1.   ]\n",
      " [-1.     1.    -1.     0.998  1.     1.     0.999  0.999]\n",
      " [-1.     1.    -1.     0.997  1.     1.     0.997  0.998]\n",
      " [-0.997  0.999 -0.997  1.     0.999  0.997  1.     1.   ]\n",
      " [-0.997  0.999 -0.997  1.     0.999  0.998  1.     1.   ]]\n",
      "---\n",
      "X = \n",
      " [[ -50  -99   35 -104   -7  -43   12   62]]\n",
      "\n",
      "X.X^T = \n",
      " [[ 2500  4950 -1750  5200   350  2150  -600 -3100]\n",
      " [ 4950  9801 -3465 10296   693  4257 -1188 -6138]\n",
      " [-1750 -3465  1225 -3640  -245 -1505   420  2170]\n",
      " [ 5200 10296 -3640 10816   728  4472 -1248 -6448]\n",
      " [  350   693  -245   728    49   301   -84  -434]\n",
      " [ 2150  4257 -1505  4472   301  1849  -516 -2666]\n",
      " [ -600 -1188   420 -1248   -84  -516   144   744]\n",
      " [-3100 -6138  2170 -6448  -434 -2666   744  3844]]\n",
      "Initial covariance:\n",
      " [[ 1.    -0.999  1.    -0.996 -1.    -1.    -0.997 -0.997]\n",
      " [-0.999  1.    -0.999  0.999  1.     1.     0.999  0.999]\n",
      " [ 1.    -0.999  1.    -0.996 -1.    -1.    -0.997 -0.997]\n",
      " [-0.996  0.999 -0.996  1.     0.998  0.997  1.     1.   ]\n",
      " [-1.     1.    -1.     0.998  1.     1.     0.999  0.999]\n",
      " [-1.     1.    -1.     0.997  1.     1.     0.997  0.998]\n",
      " [-0.997  0.999 -0.997  1.     0.999  0.997  1.     1.   ]\n",
      " [-0.997  0.999 -0.997  1.     0.999  0.998  1.     1.   ]]\n",
      "Diagonals - variance of elements - \n",
      " [ 2501.  9802.  1226. 10817.    50.  1850.   145.  3845.]\n",
      "Standard deviation - sqrt(var) - \n",
      " [[ 50.01 ]\n",
      " [ 99.005]\n",
      " [ 35.014]\n",
      " [104.005]\n",
      " [  7.071]\n",
      " [ 43.012]\n",
      " [ 12.042]\n",
      " [ 62.008]]\n",
      "Normalisation matrix: \n",
      " [[ 2501.     4951.242  1751.064  5201.28    353.624  2151.011   602.2\n",
      "   3101.023]\n",
      " [ 4951.242  9802.     3466.591 10297.001   700.071  4258.368  1192.179\n",
      "   6139.111]\n",
      " [ 1751.064  3466.591  1226.     3641.654   247.588  1506.021   421.628\n",
      "   2171.168]\n",
      " [ 5201.28  10297.001  3641.654 10817.      735.425  4473.416  1252.384\n",
      "   6449.137]\n",
      " [  353.624   700.071   247.588   735.425    50.      304.138    85.147\n",
      "    438.463]\n",
      " [ 2151.011  4258.368  1506.021  4473.416   304.138  1850.      517.929\n",
      "   2667.068]\n",
      " [  602.2    1192.179   421.628  1252.384    85.147   517.929   145.\n",
      "    746.676]\n",
      " [ 3101.023  6139.111  2171.168  6449.137   438.463  2667.068   746.676\n",
      "   3845.   ]]\n",
      "Subsequent scaled covariance:\n",
      " [[ 1.     1.    -0.999  1.     0.987  0.999 -0.998 -1.   ]\n",
      " [ 1.     1.    -1.     1.     0.991  1.    -0.996 -1.   ]\n",
      " [-0.999 -1.     1.    -1.    -0.994 -1.     0.994  0.999]\n",
      " [ 1.     1.    -1.     1.     0.991  1.    -0.996 -1.   ]\n",
      " [ 0.987  0.991 -0.994  0.991  1.     0.993 -0.975 -0.988]\n",
      " [ 0.999  1.    -1.     1.     0.993  1.    -0.994 -0.999]\n",
      " [-0.998 -0.996  0.994 -0.996 -0.975 -0.994  1.     0.998]\n",
      " [-1.    -1.     0.999 -1.    -0.988 -0.999  0.998  1.   ]]\n",
      "---\n",
      "X = \n",
      " [[ -97  119   32  -55   53 -120 -107  -58]]\n",
      "\n",
      "X.X^T = \n",
      " [[  9409 -11543  -3104   5335  -5141  11640  10379   5626]\n",
      " [-11543  14161   3808  -6545   6307 -14280 -12733  -6902]\n",
      " [ -3104   3808   1024  -1760   1696  -3840  -3424  -1856]\n",
      " [  5335  -6545  -1760   3025  -2915   6600   5885   3190]\n",
      " [ -5141   6307   1696  -2915   2809  -6360  -5671  -3074]\n",
      " [ 11640 -14280  -3840   6600  -6360  14400  12840   6960]\n",
      " [ 10379 -12733  -3424   5885  -5671  12840  11449   6206]\n",
      " [  5626  -6902  -1856   3190  -3074   6960   6206   3364]]\n",
      "Initial covariance:\n",
      " [[ 1.     1.    -0.999  1.     0.987  0.999 -0.998 -1.   ]\n",
      " [ 1.     1.    -1.     1.     0.991  1.    -0.996 -1.   ]\n",
      " [-0.999 -1.     1.    -1.    -0.994 -1.     0.994  0.999]\n",
      " [ 1.     1.    -1.     1.     0.991  1.    -0.996 -1.   ]\n",
      " [ 0.987  0.991 -0.994  0.991  1.     0.993 -0.975 -0.988]\n",
      " [ 0.999  1.    -1.     1.     0.993  1.    -0.994 -0.999]\n",
      " [-0.998 -0.996  0.994 -0.996 -0.975 -0.994  1.     0.998]\n",
      " [-1.    -1.     0.999 -1.    -0.988 -0.999  0.998  1.   ]]\n",
      "Diagonals - variance of elements - \n",
      " [ 9410. 14162.  1025.  3026.  2810. 14401. 11450.  3365.]\n",
      "Standard deviation - sqrt(var) - \n",
      " [[ 97.005]\n",
      " [119.004]\n",
      " [ 32.016]\n",
      " [ 55.009]\n",
      " [ 53.009]\n",
      " [120.004]\n",
      " [107.005]\n",
      " [ 58.009]]\n",
      "Normalisation matrix: \n",
      " [[ 9410.    11544.021  3105.68   5336.165  5142.188 11641.023 10380.005\n",
      "   5627.135]\n",
      " [11544.021 14162.     3809.993  6546.313  6308.345 14281.    12734.006\n",
      "   6903.27 ]\n",
      " [ 3105.68   3809.993  1025.     1761.15   1697.13   3842.008  3425.821\n",
      "   1857.182]\n",
      " [ 5336.165  6546.313  1761.15   3026.     2916.001  6601.32   5886.23\n",
      "   3191.001]\n",
      " [ 5142.188  6308.345  1697.13   2916.001  2810.     6361.353  5672.257\n",
      "   3075.004]\n",
      " [11641.023 14281.     3842.008  6601.32   6361.353 14401.    12841.007\n",
      "   6961.276]\n",
      " [10380.005 12734.006  3425.821  5886.23   5672.257 12841.007 11450.\n",
      "   6207.193]\n",
      " [ 5627.135  6903.27   1857.182  3191.001  3075.004  6961.276  6207.193\n",
      "   3365.   ]]\n",
      "Subsequent scaled covariance:\n",
      " [[ 1.    -1.    -1.     1.    -1.     1.     1.     1.   ]\n",
      " [-1.     1.     0.999 -1.     1.    -1.    -1.    -1.   ]\n",
      " [-1.     0.999  1.    -1.     0.999 -1.    -0.999 -0.999]\n",
      " [ 1.    -1.    -1.     1.    -0.999  1.     1.     0.999]\n",
      " [-1.     1.     0.999 -0.999  1.    -1.    -1.    -1.   ]\n",
      " [ 1.    -1.    -1.     1.    -1.     1.     1.     1.   ]\n",
      " [ 1.    -1.    -0.999  1.    -1.     1.     1.     1.   ]\n",
      " [ 1.    -1.    -0.999  0.999 -1.     1.     1.     1.   ]]\n",
      "---\n",
      "X = \n",
      " [[-47  25 -78  55 -17  28  22 -38]]\n",
      "\n",
      "X.X^T = \n",
      " [[ 2209 -1175  3666 -2585   799 -1316 -1034  1786]\n",
      " [-1175   625 -1950  1375  -425   700   550  -950]\n",
      " [ 3666 -1950  6084 -4290  1326 -2184 -1716  2964]\n",
      " [-2585  1375 -4290  3025  -935  1540  1210 -2090]\n",
      " [  799  -425  1326  -935   289  -476  -374   646]\n",
      " [-1316   700 -2184  1540  -476   784   616 -1064]\n",
      " [-1034   550 -1716  1210  -374   616   484  -836]\n",
      " [ 1786  -950  2964 -2090   646 -1064  -836  1444]]\n",
      "Initial covariance:\n",
      " [[ 1.    -1.    -1.     1.    -1.     1.     1.     1.   ]\n",
      " [-1.     1.     0.999 -1.     1.    -1.    -1.    -1.   ]\n",
      " [-1.     0.999  1.    -1.     0.999 -1.    -0.999 -0.999]\n",
      " [ 1.    -1.    -1.     1.    -0.999  1.     1.     0.999]\n",
      " [-1.     1.     0.999 -0.999  1.    -1.    -1.    -1.   ]\n",
      " [ 1.    -1.    -1.     1.    -1.     1.     1.     1.   ]\n",
      " [ 1.    -1.    -0.999  1.    -1.     1.     1.     1.   ]\n",
      " [ 1.    -1.    -0.999  0.999 -1.     1.     1.     1.   ]]\n",
      "Diagonals - variance of elements - \n",
      " [2210.  626. 6085. 3026.  290.  785.  485. 1445.]\n",
      "Standard deviation - sqrt(var) - \n",
      " [[47.011]\n",
      " [25.02 ]\n",
      " [78.006]\n",
      " [55.009]\n",
      " [17.029]\n",
      " [28.018]\n",
      " [22.023]\n",
      " [38.013]]\n",
      "Normalisation matrix: \n",
      " [[2210.    1176.206 3667.131 2586.012  800.562 1317.137 1035.302 1787.023]\n",
      " [1176.206  626.    1951.72  1376.327  426.075  701.006  551.008  951.089]\n",
      " [3667.131 1951.72  6085.    4291.062 1328.401 2185.572 1717.913 2965.27 ]\n",
      " [2586.012 1376.327 4291.062 3026.     936.771 1541.237 1211.45  2091.069]\n",
      " [ 800.562  426.075 1328.401  936.771  290.     477.127  375.033  647.341]\n",
      " [1317.137  701.006 2185.572 1541.237  477.127  785.     617.029 1065.047]\n",
      " [1035.302  551.008 1717.913 1211.45   375.033  617.029  485.     837.153]\n",
      " [1787.023  951.089 2965.27  2091.069  647.341 1065.047  837.153 1445.   ]]\n",
      "Subsequent scaled covariance:\n",
      " [[ 1.    -1.     0.999 -0.999  0.997 -0.998 -0.998  1.   ]\n",
      " [-1.     1.    -0.999  0.998 -0.995  0.997  0.996 -1.   ]\n",
      " [ 0.999 -0.999  1.    -1.     0.999 -1.    -0.999  0.999]\n",
      " [-0.999  0.998 -1.     1.    -0.999  1.     1.    -0.999]\n",
      " [ 0.997 -0.995  0.999 -0.999  1.    -1.    -1.     0.996]\n",
      " [-0.998  0.997 -1.     1.    -1.     1.     1.    -0.998]\n",
      " [-0.998  0.996 -0.999  1.    -1.     1.     1.    -0.997]\n",
      " [ 1.    -1.     0.999 -0.999  0.996 -0.998 -0.997  1.   ]]\n",
      "---\n",
      "X = \n",
      " [[ -51  -84  -41   39  -58 -123  104   41]]\n",
      "\n",
      "X.X^T = \n",
      " [[  2601   4284   2091  -1989   2958   6273  -5304  -2091]\n",
      " [  4284   7056   3444  -3276   4872  10332  -8736  -3444]\n",
      " [  2091   3444   1681  -1599   2378   5043  -4264  -1681]\n",
      " [ -1989  -3276  -1599   1521  -2262  -4797   4056   1599]\n",
      " [  2958   4872   2378  -2262   3364   7134  -6032  -2378]\n",
      " [  6273  10332   5043  -4797   7134  15129 -12792  -5043]\n",
      " [ -5304  -8736  -4264   4056  -6032 -12792  10816   4264]\n",
      " [ -2091  -3444  -1681   1599  -2378  -5043   4264   1681]]\n",
      "Initial covariance:\n",
      " [[ 1.    -1.     0.999 -0.999  0.997 -0.998 -0.998  1.   ]\n",
      " [-1.     1.    -0.999  0.998 -0.995  0.997  0.996 -1.   ]\n",
      " [ 0.999 -0.999  1.    -1.     0.999 -1.    -0.999  0.999]\n",
      " [-0.999  0.998 -1.     1.    -0.999  1.     1.    -0.999]\n",
      " [ 0.997 -0.995  0.999 -0.999  1.    -1.    -1.     0.996]\n",
      " [-0.998  0.997 -1.     1.    -1.     1.     1.    -0.998]\n",
      " [-0.998  0.996 -0.999  1.    -1.     1.     1.    -0.997]\n",
      " [ 1.    -1.     0.999 -0.999  0.996 -0.998 -0.997  1.   ]]\n",
      "Diagonals - variance of elements - \n",
      " [ 2602.  7057.  1682.  1522.  3365. 15130. 10817.  1682.]\n",
      "Standard deviation - sqrt(var) - \n",
      " [[ 51.01 ]\n",
      " [ 84.006]\n",
      " [ 41.012]\n",
      " [ 39.013]\n",
      " [ 58.009]\n",
      " [123.004]\n",
      " [104.005]\n",
      " [ 41.012]]\n",
      "Normalisation matrix: \n",
      " [[ 2602.     4285.127  2092.024  1990.036  2959.008  6274.413  5305.265\n",
      "   2092.024]\n",
      " [ 4285.127  7057.     3445.268  3277.309  4873.069 10333.074  8737.023\n",
      "   3445.268]\n",
      " [ 2092.024  3445.268  1682.     1600.001  2379.061  5044.666  4265.465\n",
      "   1682.   ]\n",
      " [ 1990.036  3277.309  1600.001  1522.     2263.08   4798.735  4057.521\n",
      "   1600.001]\n",
      " [ 2959.008  4873.069  2379.061  2263.08   3365.     7135.296  6033.175\n",
      "   2379.061]\n",
      " [ 6274.413 10333.074  5044.666  4798.735  7135.296 15130.    12793.014\n",
      "   5044.666]\n",
      " [ 5305.265  8737.023  4265.465  4057.521  6033.175 12793.014 10817.\n",
      "   4265.465]\n",
      " [ 2092.024  3445.268  1682.     1600.001  2379.061  5044.666  4265.465\n",
      "   1682.   ]]\n",
      "Subsequent scaled covariance:\n",
      " [[ 1.     1.     1.    -1.     1.     1.    -1.    -0.999]\n",
      " [ 1.     1.     0.999 -0.999  1.     1.    -1.    -1.   ]\n",
      " [ 1.     0.999  1.    -1.     1.     0.999 -1.    -0.999]\n",
      " [-1.    -0.999 -1.     1.    -1.    -0.999  1.     0.999]\n",
      " [ 1.     1.     1.    -1.     1.     1.    -1.    -0.999]\n",
      " [ 1.     1.     0.999 -0.999  1.     1.    -1.    -1.   ]\n",
      " [-1.    -1.    -1.     1.    -1.    -1.     1.     0.999]\n",
      " [-0.999 -1.    -0.999  0.999 -0.999 -1.     0.999  1.   ]]\n",
      "---\n",
      "X = \n",
      " [[  -8  -46  -63  -85 -119  -79  126  -69]]\n",
      "\n",
      "X.X^T = \n",
      " [[    64    368    504    680    952    632  -1008    552]\n",
      " [   368   2116   2898   3910   5474   3634  -5796   3174]\n",
      " [   504   2898   3969   5355   7497   4977  -7938   4347]\n",
      " [   680   3910   5355   7225  10115   6715 -10710   5865]\n",
      " [   952   5474   7497  10115  14161   9401 -14994   8211]\n",
      " [   632   3634   4977   6715   9401   6241  -9954   5451]\n",
      " [ -1008  -5796  -7938 -10710 -14994  -9954  15876  -8694]\n",
      " [   552   3174   4347   5865   8211   5451  -8694   4761]]\n",
      "Initial covariance:\n",
      " [[ 1.     1.     1.    -1.     1.     1.    -1.    -0.999]\n",
      " [ 1.     1.     0.999 -0.999  1.     1.    -1.    -1.   ]\n",
      " [ 1.     0.999  1.    -1.     1.     0.999 -1.    -0.999]\n",
      " [-1.    -0.999 -1.     1.    -1.    -0.999  1.     0.999]\n",
      " [ 1.     1.     1.    -1.     1.     1.    -1.    -0.999]\n",
      " [ 1.     1.     0.999 -0.999  1.     1.    -1.    -1.   ]\n",
      " [-1.    -1.    -1.     1.    -1.    -1.     1.     0.999]\n",
      " [-0.999 -1.    -0.999  0.999 -0.999 -1.     0.999  1.   ]]\n",
      "Diagonals - variance of elements - \n",
      " [   65.  2117.  3970.  7226. 14162.  6242. 15877.  4762.]\n",
      "Standard deviation - sqrt(var) - \n",
      " [[  8.062]\n",
      " [ 46.011]\n",
      " [ 63.008]\n",
      " [ 85.006]\n",
      " [119.004]\n",
      " [ 79.006]\n",
      " [126.004]\n",
      " [ 69.007]]\n",
      "Normalisation matrix: \n",
      " [[   65.      370.951   507.986   685.339   959.443   636.969  1015.876\n",
      "    556.354]\n",
      " [  370.951  2117.     2899.05   3911.194  5475.487  3635.15   5797.552\n",
      "   3175.083]\n",
      " [  507.986  2899.05   3970.     5356.045  7498.209  4978.026  7939.25\n",
      "   4348.004]\n",
      " [  685.339  3911.194  5356.045  7226.    10116.057  6716.003 10711.078\n",
      "   5866.022]\n",
      " [  959.443  5475.487  7498.209 10116.057 14162.     9402.085 14995.002\n",
      "   8212.152]\n",
      " [  636.969  3635.15   4978.026  6716.003  9402.085  6242.     9955.111\n",
      "   5452.009]\n",
      " [ 1015.876  5797.552  7939.25  10711.078 14995.002  9955.111 15877.\n",
      "   8695.187]\n",
      " [  556.354  3175.083  4348.004  5866.022  8212.152  5452.009  8695.187\n",
      "   4762.   ]]\n",
      "Subsequent scaled covariance:\n",
      " [[ 1.     0.995  0.994  0.991  0.993  0.994 -0.993  0.99 ]\n",
      " [ 0.995  1.     1.     0.999  1.     1.    -1.     0.999]\n",
      " [ 0.994  1.     1.     1.     1.     1.    -1.     1.   ]\n",
      " [ 0.991  0.999  1.     1.     1.     1.    -1.     1.   ]\n",
      " [ 0.993  1.     1.     1.     1.     1.    -1.     1.   ]\n",
      " [ 0.994  1.     1.     1.     1.     1.    -1.     1.   ]\n",
      " [-0.993 -1.    -1.    -1.    -1.    -1.     1.    -1.   ]\n",
      " [ 0.99   0.999  1.     1.     1.     1.    -1.     1.   ]]\n",
      "---\n",
      "X = \n",
      " [[ -84   47  -74   -4   -2  109 -117   56]]\n",
      "\n",
      "X.X^T = \n",
      " [[  7056  -3948   6216    336    168  -9156   9828  -4704]\n",
      " [ -3948   2209  -3478   -188    -94   5123  -5499   2632]\n",
      " [  6216  -3478   5476    296    148  -8066   8658  -4144]\n",
      " [   336   -188    296     16      8   -436    468   -224]\n",
      " [   168    -94    148      8      4   -218    234   -112]\n",
      " [ -9156   5123  -8066   -436   -218  11881 -12753   6104]\n",
      " [  9828  -5499   8658    468    234 -12753  13689  -6552]\n",
      " [ -4704   2632  -4144   -224   -112   6104  -6552   3136]]\n",
      "Initial covariance:\n",
      " [[ 1.     0.995  0.994  0.991  0.993  0.994 -0.993  0.99 ]\n",
      " [ 0.995  1.     1.     0.999  1.     1.    -1.     0.999]\n",
      " [ 0.994  1.     1.     1.     1.     1.    -1.     1.   ]\n",
      " [ 0.991  0.999  1.     1.     1.     1.    -1.     1.   ]\n",
      " [ 0.993  1.     1.     1.     1.     1.    -1.     1.   ]\n",
      " [ 0.994  1.     1.     1.     1.     1.    -1.     1.   ]\n",
      " [-0.993 -1.    -1.    -1.    -1.    -1.     1.    -1.   ]\n",
      " [ 0.99   0.999  1.     1.     1.     1.    -1.     1.   ]]\n",
      "Diagonals - variance of elements - \n",
      " [ 7057.  2210.  5477.    17.     5. 11882. 13690.  3137.]\n",
      "Standard deviation - sqrt(var) - \n",
      " [[ 84.006]\n",
      " [ 47.011]\n",
      " [ 74.007]\n",
      " [  4.123]\n",
      " [  2.236]\n",
      " [109.005]\n",
      " [117.004]\n",
      " [ 56.009]]\n",
      "Normalisation matrix: \n",
      " [[ 7057.     3949.173  6217.008   346.365   187.843  9157.034  9829.055\n",
      "   4705.083]\n",
      " [ 3949.173  2210.     3479.105   193.83    105.119  5124.375  5500.445\n",
      "   2633.015]\n",
      " [ 6217.008  3479.105  5477.      305.138   165.484  8067.076  8659.107\n",
      "   4145.039]\n",
      " [  346.365   193.83    305.138    17.        9.22    449.437   482.421\n",
      "    230.931]\n",
