{
 "cells": [
  {
   "cell_type": "markdown",
   "metadata": {},
   "source": [
    "# Testing Covariance\n",
    "\n",
    "A more precise test of our covariance unit is to generate data having a specific distribution and then see whether our covarinace matrix matches our specified matrix.\n",
    "\n",
    "There are two approaches - one using a Cholesky decomposition, the other using an eigenvalue decomposition. See https://stats.stackexchange.com/questions/32169/how-can-i-generate-data-with-a-prespecified-correlation-matrix and https://stats.stackexchange.com/questions/120179/generating-data-with-a-given-sample-covariance-matrix."
   ]
  },
  {
   "cell_type": "code",
   "execution_count": 2,
   "metadata": {},
   "outputs": [],
   "source": [
    "from src.var_processor.covariance import CovarianceUnit\n",
    "import numpy as np"
   ]
  },
  {
   "cell_type": "markdown",
   "metadata": {},
   "source": [
    "We need a positive definite covariance matrix. For this we can:\n",
    "* generate random matrix\n",
    "* multiply it by it's own transposition\n",
    "* you have obtained a positive semi-definite matrix."
   ]
  },
  {
   "cell_type": "code",
   "execution_count": 8,
   "metadata": {},
   "outputs": [],
   "source": [
    "cov = np.random.randn(3,3)\n",
    "cov = np.dot(cov,cov.T)"
   ]
  },
  {
   "cell_type": "code",
   "execution_count": 9,
   "metadata": {},
   "outputs": [
    {
     "data": {
      "text/plain": [
       "array([[ 1.12848561, -0.79697223,  1.6590042 ],\n",
       "       [-0.79697223,  0.82794797, -1.04018027],\n",
       "       [ 1.6590042 , -1.04018027,  4.65298715]])"
      ]
     },
     "execution_count": 9,
     "metadata": {},
     "output_type": "execute_result"
    }
   ],
   "source": [
    "cov"
   ]
  },
  {
   "cell_type": "code",
   "execution_count": 10,
   "metadata": {},
   "outputs": [],
   "source": [
    "mean = 0.5"
   ]
  },
  {
   "cell_type": "code",
   "execution_count": 11,
   "metadata": {},
   "outputs": [],
   "source": [
    "L = np.linalg.cholesky(cov)"
   ]
  },
  {
   "cell_type": "code",
   "execution_count": 12,
   "metadata": {},
   "outputs": [
    {
     "data": {
      "text/plain": [
       "array([[ 1.06230203,  0.        ,  0.        ],\n",
       "       [-0.7502313 ,  0.51487956,  0.        ],\n",
       "       [ 1.5617067 ,  0.25532373,  1.46590216]])"
      ]
     },
     "execution_count": 12,
     "metadata": {},
     "output_type": "execute_result"
    }
   ],
   "source": [
    "L"
   ]
  },
  {
   "cell_type": "markdown",
   "metadata": {},
   "source": [
    "Now we loop 100 times, generating samples and seeing what our mean and covariance equal..."
   ]
  },
  {
   "cell_type": "code",
   "execution_count": 13,
   "metadata": {},
   "outputs": [],
   "source": [
    "cov_unit = CovarianceUnit(3)"
   ]
  },
  {
   "cell_type": "code",
   "execution_count": 29,
   "metadata": {},
   "outputs": [
    {
     "name": "stdout",
     "output_type": "stream",
     "text": [
      "[[0.54730931]\n",
      " [0.47355449]\n",
      " [0.5773568 ]]\n",
      "[[ 1.14993377 -0.78521168  1.68587113]\n",
      " [-0.78521168  0.7942798  -1.05060454]\n",
      " [ 1.68587113 -1.05060454  4.59816267]]\n"
     ]
    }
   ],
   "source": [
    "for _ in range(0, 100):\n",
    "    sample = np.dot(L, np.random.randn(3, 1)) + mean\n",
    "    cov_unit.update(sample)\n",
    "print(cov_unit.mean, cov_unit.covariance, sep=\"\\n\")"
   ]
  },
  {
   "cell_type": "code",
   "execution_count": 31,
   "metadata": {},
   "outputs": [
    {
     "name": "stdout",
     "output_type": "stream",
     "text": [
      "[[0.51125101]\n",
      " [0.49221394]\n",
      " [0.50523693]]\n",
      "[[ 1.1386086  -0.80263796  1.70602671]\n",
      " [-0.80263796  0.82986436 -1.07135361]\n",
      " [ 1.70602671 -1.07135361  4.74586408]]\n"
     ]
    }
   ],
   "source": [
    "for _ in range(0, 10000):\n",
    "    sample = np.dot(L, np.random.randn(3, 1)) + mean\n",
    "    cov_unit.update(sample)\n",
    "print(cov_unit.mean, cov_unit.covariance, sep=\"\\n\")"
   ]
  },
  {
   "cell_type": "code",
   "execution_count": 32,
   "metadata": {},
   "outputs": [
    {
     "name": "stdout",
     "output_type": "stream",
     "text": [
      "[[-0.48874286]\n",
      " [-0.51869883]\n",
      " [-0.49200419]]\n",
      "[[ 1.14307288 -0.81324798  1.66545525]\n",
      " [-0.81324798  0.84053001 -1.04764234]\n",
      " [ 1.66545525 -1.04764234  4.6189823 ]]\n"
     ]
    }
   ],
   "source": [
    "mean = -0.5\n",
    "cov_unit2 = CovarianceUnit(3)\n",
    "for _ in range(0, 10000):\n",
    "    sample = np.dot(L, np.random.randn(3, 1)) + mean\n",
    "    cov_unit2.update(sample)\n",
    "print(cov_unit2.mean, cov_unit2.covariance, sep=\"\\n\")"
   ]
  },
  {
   "cell_type": "markdown",
   "metadata": {},
   "source": [
    "We can use numpy's allclose/isclose to determine if close. https://docs.scipy.org/doc/numpy/reference/generated/numpy.allclose.html#numpy.allclose"
   ]
  },
  {
   "cell_type": "code",
   "execution_count": 39,
   "metadata": {},
   "outputs": [
    {
     "data": {
      "text/plain": [
       "True"
      ]
     },
     "execution_count": 39,
     "metadata": {},
     "output_type": "execute_result"
    }
   ],
   "source": [
    "mean_array = np.ones(shape=(3,1))*0.5\n",
    "# Within 5%\n",
    "np.allclose(mean_array, cov_unit.mean, rtol=0.05)"
   ]
  },
  {
   "cell_type": "code",
   "execution_count": 41,
   "metadata": {},
   "outputs": [
    {
     "data": {
      "text/plain": [
       "True"
      ]
     },
     "execution_count": 41,
     "metadata": {},
     "output_type": "execute_result"
    }
   ],
   "source": [
    "np.allclose(cov, cov_unit.covariance, rtol=0.05)"
   ]
  },
  {
   "cell_type": "code",
   "execution_count": null,
   "metadata": {},
   "outputs": [],
   "source": [
    "def test_covariance_computation():\n",
    "    \"\"\"Statistical test that cov unit is determining the covariance.\"\"\"\n",
    "    # Generate random positive definite matrix\n",
    "    cov = np.random.randn(3,3)\n",
    "    cov = np.dot(cov,cov.T)\n",
    "    # Generate desired mean\n",
    "    mean = np.random.randn(3,1)\n",
    "    # Use Cholesky decomposition to get L\n",
    "    L = np.linalg.cholesky(cov)\n",
    "    cov_unit = CovarianceUnit(3)\n",
    "    for _ in range(0, 1000):\n",
    "        sample = np.dot(L, np.random.randn(3, 1)) + mean\n",
    "        cov_unit.update(sample)\n",
    "    # Check within 5%\n",
    "    assert np.allclose(mean, cov_unit.mean, rtol=0.05)\n",
    "    assert np.allclose(cov, cov_unit.covariance, rtol=0.05)"
   ]
  },
  {
   "cell_type": "code",
   "execution_count": 46,
   "metadata": {},
   "outputs": [
    {
     "data": {
      "text/plain": [
       "array([[0.45475868, 0.0813685 , 0.64410836],\n",
       "       [0.48388041, 0.81378173, 0.6283129 ],\n",
       "       [0.06086568, 0.22582442, 0.82828134]])"
      ]
     },
     "execution_count": 46,
     "metadata": {},
     "output_type": "execute_result"
    }
   ],
   "source": [
    "np.random.uniform(size=(3,3))"
   ]
  },
  {
   "cell_type": "code",
   "execution_count": 53,
   "metadata": {},
   "outputs": [
    {
     "data": {
      "text/plain": [
       "array([[ 0.65029906, -0.24070865,  0.63803126],\n",
       "       [-0.24070865,  0.09457014, -0.23644969],\n",
       "       [ 0.63803126, -0.23644969,  1.        ]])"
      ]
     },
     "execution_count": 53,
     "metadata": {},
     "output_type": "execute_result"
    }
   ],
   "source": [
    "cov = np.random.randn(3, 3)\n",
    "cov = np.dot(cov, cov.T) \n",
    "cov = cov / cov.max()\n",
    "cov"
   ]
  },
  {
   "cell_type": "code",
   "execution_count": 54,
   "metadata": {},
   "outputs": [
    {
     "data": {
      "text/plain": [
       "1.0"
      ]
     },
     "execution_count": 54,
     "metadata": {},
     "output_type": "execute_result"
    }
   ],
   "source": [
    "cov.max()"
   ]
  },
  {
   "cell_type": "code",
   "execution_count": 55,
   "metadata": {},
   "outputs": [
    {
     "data": {
      "text/plain": [
       "array([[ 0.65029906, -0.24070865,  0.63803126],\n",
       "       [-0.24070865,  0.09457014, -0.23644969],\n",
       "       [ 0.63803126, -0.23644969,  1.        ]])"
      ]
     },
     "execution_count": 55,
     "metadata": {},
     "output_type": "execute_result"
    }
   ],
   "source": [
    "cov / cov.max()"
   ]
  },
  {
   "cell_type": "markdown",
   "metadata": {},
   "source": [
    "# Testing Eigenvalue Estimation\n",
    "\n",
    "We can use a specified covariance matrix - determine the eigenvectors using numpy and check agai"
   ]
  },
  {
   "cell_type": "code",
   "execution_count": null,
   "metadata": {},
   "outputs": [],
   "source": [
    "from src.var_processor.power_iterator import PowerIterator\n",
    "\n"
   ]
  }
 ],
 "metadata": {
  "kernelspec": {
   "display_name": "Python 3",
   "language": "python",
   "name": "python3"
  },
  "language_info": {
   "codemirror_mode": {
    "name": "ipython",
    "version": 3
   },
   "file_extension": ".py",
   "mimetype": "text/x-python",
   "name": "python",
   "nbconvert_exporter": "python",
   "pygments_lexer": "ipython3",
   "version": "3.6.8"
  }
 },
 "nbformat": 4,
 "nbformat_minor": 2
}
